      0.00      0.00      0.00      0.00
      0.00      0.00      0.00      0.00
      0.00      0.00      0.00      0.00
      0.00      0.00      0.00      0.00
    106.71     37.06     36.06     34.53
    105.91     38.20     47.57     45.88
    101.86     38.92     52.70     50.40
     91.42     37.73     51.30     49.20
    105.08     40.34     53.72     53.72
     86.08     36.48     51.27     49.38
     91.21     47.87     51.32     55.11
     90.99     48.11     51.13     55.58
     96.21     60.57     52.89     57.47
     92.48     61.40     49.93     52.54
    102.83     68.81     51.96     51.64
     96.03     66.24     44.47     44.47
    101.83     73.46     54.36     55.68
     91.29     86.18     61.64     60.22
     97.03     82.81     70.66     69.43
    109.04     75.17     56.87     55.14
    120.39     73.78     57.06     55.09
    119.20     65.44     57.37     57.88
    111.31     59.01     54.72     56.10
     96.78     47.30     42.94     45.06
    104.28     48.83     47.29     50.61
    115.99     43.82     45.10     44.08
    113.76     27.38     34.14     34.33
    101.64     31.12     30.24     32.06
     78.29     28.60     30.01     31.49
     65.46     28.70     32.52     32.57
     64.82     30.03     33.59     28.44
     64.13     37.22     33.51     28.39
     79.99     45.47     43.08     33.32
     72.42     42.91     38.96     28.06
     75.00     42.73     36.07     27.18
     78.83     49.86     39.87     30.76
     84.57     55.71     35.97     26.10
     73.59     51.81     37.16     27.42
     82.67     51.39     33.68     24.47
      0.00      0.00      0.00      0.00
      0.00      0.00      0.00      0.00
      0.00      0.00      0.00      0.00
      0.00      0.00      0.00      0.00
