      0.00      0.00      0.00      0.00
     95.37     27.17     16.03     23.73
     82.60     18.87     18.00     16.57
    125.27     35.83     23.23     23.00
    150.63     50.90     67.90     52.80
    151.20     60.67     69.10     56.47
     90.53     34.93     56.10     40.20
     74.13     33.10     24.23     27.07
     83.93     35.07     55.60     64.60
     89.77     46.00     78.77     88.00
     49.50     29.20     61.77     67.73
     80.10     25.30     36.47     40.10
     77.93     28.50     18.93     19.93
    150.00     81.30     67.97     70.53
    108.93     83.97     61.33     62.03
    120.93    107.20     60.97     64.47
     77.93     73.70     20.07     19.37
    119.47     97.17     58.07     52.80
     89.23     63.03     53.50     49.00
     77.57     65.37     75.03     77.13
     45.47     77.40     65.53     65.83
     80.93     78.20     97.50     94.83
    171.63     86.43     75.50     68.93
    196.23     46.77     47.57     46.63
    187.43     55.10     21.10     29.80
     84.73     25.23     13.63     22.23
     48.63     17.73     15.73     22.70
     44.47     13.20     23.27     27.20
     91.60     19.80     46.17     41.07
     96.40     17.63     39.13     33.67
     73.03     25.07     46.37     39.17
     58.53     40.77     30.23     31.17
     51.33     50.73     42.70     41.33
     76.97     51.83     31.13     18.97
     42.27     51.10     24.13     12.93
     92.23     68.03     47.40     24.97
     67.27     51.83     39.37     26.03
    124.20     36.33     53.83     37.43
     92.93     30.80     29.50     25.97
    109.47     63.47     37.40     33.30
     54.30     68.00     33.50     31.90
     62.83     55.33     24.13     22.47
      0.00      0.00      0.00      0.00
