      0.00      0.00      0.00      0.00
      0.00      0.00      0.00      0.00
    113.60     35.66     21.02     25.88
    129.22     37.98     48.68     39.94
    120.22     42.42     46.86     37.72
    110.70     40.32     45.06     35.76
    124.14     46.52     52.42     46.24
     95.42     41.96     66.28     62.68
     74.18     37.38     51.58     56.88
     63.12     27.64     48.02     53.00
     89.16     36.18     54.50     62.62
     76.46     34.62     48.40     52.60
    102.76     55.38     55.44     56.56
    100.66     58.96     44.04     47.04
    119.32     81.42     47.92     50.64
    101.46     84.42     45.60     44.12
    125.58    100.16     67.52     66.76
     82.86     70.46     39.24     37.72
     82.64     73.26     53.82     53.18
     80.30     82.28     70.26     67.58
     84.66     73.16     85.70     83.00
    113.94     66.82     64.28     62.86
    144.50     72.52     66.70     66.16
    150.58     67.00     53.34     54.60
    137.50     35.52     33.14     36.70
    125.12     36.24     17.64     22.88
     74.28     23.06     22.00     29.56
     74.72     19.34     32.30     33.36
     70.50     13.76     28.46     25.20
     67.26     22.96     41.64     39.72
     80.66     33.16     41.00     38.44
     74.62     36.28     40.12     33.68
     58.48     42.18     32.62     26.46
     48.18     53.24     32.00     26.00
     86.14     62.06     40.74     25.16
     63.72     48.82     38.10     23.38
     91.90     44.60     38.68     23.66
     95.72     49.44     39.76     29.36
    104.04     56.24     46.06     35.60
     69.14     44.58     30.34     27.82
     93.06     51.54     30.62     27.22
      0.00      0.00      0.00      0.00
      0.00      0.00      0.00      0.00
