      0.00      0.00      0.00      0.00
      0.00      0.00      0.00      0.00
      0.00      0.00      0.00      0.00
    113.33     40.41     38.53     35.57
    106.81     34.11     37.86     31.44
    109.74     37.53     41.30     35.77
    108.43     43.80     55.49     53.09
    109.89     45.74     63.90     62.06
     77.27     34.69     57.81     54.94
     78.20     32.83     42.01     47.64
     78.49     31.96     42.40     46.40
    102.76     54.56     62.90     67.94
     93.11     54.63     57.91     62.63
     94.34     62.87     44.70     46.34
     97.69     66.43     37.74     38.53
    123.10     83.76     56.33     56.23
     98.26     79.04     52.00     50.16
     97.53     82.23     61.79     63.04
     78.30     82.09     55.29     54.21
     86.26     76.57     67.50     64.21
    119.26     73.33     68.01     64.96
    129.00     70.54     67.07     65.90
    115.39     58.54     51.66     54.36
    117.33     57.13     50.93     53.49
    116.60     50.13     41.66     42.57
    114.96     31.03     33.54     37.80
    121.90     32.10     28.93     30.44
     84.36     20.64     26.07     27.46
     62.16     21.73     33.03     34.60
     66.66     25.96     32.84     31.03
     70.04     31.57     38.53     35.64
     74.30     36.34     39.63     33.00
     65.71     42.20     33.21     24.91
     70.31     52.24     39.06     28.74
     61.81     51.00     39.73     29.73
     87.64     47.03     36.41     24.17
     85.06     47.97     38.74     26.51
     86.73     56.46     37.46     26.29
     77.93     53.96     37.43     29.71
     93.87     49.79     38.74     30.60
      0.00      0.00      0.00      0.00
      0.00      0.00      0.00      0.00
      0.00      0.00      0.00      0.00
