 1008.0      4   18.0   10.0     60   7.70    150      3  290.5  312.6  291.8
 1000.0     73   20.2    7.2     43   6.41     90      7  293.4  312.1  294.5
  996.0    108   20.8    9.8     49   7.69     86      7  294.3  316.7  295.6
  925.0    744   18.2    2.2     34   4.87     10      5  297.9  312.6  298.8
  897.0   1006   16.8    0.8     34   4.54    341      6  299.1  312.9  299.9
  850.0   1461   12.8    0.8     44   4.79    290      9  299.5  314.1  300.4
  700.0   3051   -1.3   -4.1     81   4.05    300      8  301.0  313.5  301.8
  689.0   3177   -2.3   -4.3     86   4.06    300      9  301.3  313.8  302.0
  684.0   3235   -2.6   -4.5     87   4.01    300     10  301.5  313.9  302.2
  664.0   3470   -4.1   -5.5     90   3.84    296     10  302.4  314.4  303.1
  630.0   3881   -7.1   -9.6     82   2.94    290     10  303.6  312.9  304.2
  608.0   4158   -9.1  -12.4     77   2.44    274     11  304.4  312.2  304.8
  600.0   4261   -9.3  -13.6     71   2.24    268     11  305.3  312.6  305.7
  594.0   4339   -8.9  -18.9     44   1.45    264     12  306.6  311.5  306.9
  590.0   4391   -9.5  -18.5     48   1.52    261     12  306.6  311.6  306.8
  589.0   4404   -9.5  -20.0     42   1.33    260     12  306.7  311.2  306.9
  586.0   4443   -9.5  -24.5     28   0.90    262     12  307.1  310.2  307.3
  579.0   4536   -9.9  -34.9     11   0.34    267     11  307.7  309.0  307.8
  566.0   4711  -10.9  -31.9     16   0.47    275     11  308.6  310.2  308.6
  557.0   4834  -11.9  -19.9     51   1.42    282     10  308.8  313.6  309.1
  529.0   5226  -14.9  -19.7     67   1.52    302      8  309.8  314.9  310.1
  511.0   5486  -16.6  -24.6     50   1.02    315      7  310.8  314.3  311.0
  500.0   5650  -17.7  -27.7     41   0.79    300      8  311.4  314.2  311.6
  498.0   5680  -17.9  -28.9     38   0.71    297      9  311.5  314.0  311.6
  483.0   5908  -19.7  -27.7     49   0.82    275     14  312.0  314.9  312.2
  473.0   6064  -20.8  -52.4      4   0.06    260     17  312.6  312.8  312.6
  472.0   6079  -20.9  -54.9      3   0.05    260     17  312.6  312.8  312.6
  430.0   6760  -26.8  -41.2     24   0.24    270     11  313.6  314.5  313.6
  425.0   6846  -27.5  -39.5     31   0.29    265     11  313.7  314.8  313.7
  418.0   6965  -28.5  -51.5      9   0.08    258     10  313.9  314.2  313.9
  409.0   7121  -29.7  -39.7     37   0.30    249     10  314.3  315.4  314.4
  402.0   7244  -30.3  -45.3     22   0.17    242      9  315.1  315.7  315.1
  400.0   7280  -30.5  -44.5     24   0.18    240      9  315.3  316.0  315.3
  377.0   7695  -34.1  -43.3     39   0.22    195     10  315.9  316.7  315.9
  353.0   8156  -38.1  -42.0     67   0.27    195     12  316.5  317.5  316.6
  343.0   8354  -39.1  -50.1     30   0.11    195     13  317.8  318.2  317.8
