    91.9    44.3     8.4    29.9
   100.3    26.5      27    30.5
    93.9    10.7    12.7    10.8
    53.6    19.4    14.3     8.4
   228.3    77.4    42.7    49.8
     170    55.9   146.7   100.2
    55.3    48.7    17.9    19.4
    46.3     0.2     3.7       1
   120.8    50.4    51.1    60.8
    84.7    54.6     112     132
    63.8      33    73.2    71.2
       0       0     0.1       0
   176.5    42.9    36.1    49.1
    57.3    42.6    20.6    10.7
   216.2   158.4   147.2   151.8
    53.3    50.9    16.2    23.6
    93.3   112.3    19.5      18
    87.2    57.9    24.5    16.5
   177.9   121.3   130.2   123.9
     2.6     9.9     5.8     6.6
    52.2    64.9    89.1   100.9
    81.6   157.4   101.7      90
     109    12.3   101.7    93.6
   324.3    89.6    23.1    23.2
   155.4    38.4    17.9    23.1
    82.6    37.3    22.3    43.1
    16.2       0     0.7     0.5
    47.1    15.9    24.2    24.5
    70.1    23.7    44.9    56.6
   157.6    19.8    69.4    42.1
    61.5     9.4     3.1     2.3
       0      46    66.6    73.1
   114.1    66.9      21    18.1
    39.9    39.3    40.5    32.8
    76.9    49.3    31.9       6
      10    64.7       0       0
   189.8    90.1   110.3    68.9
       2     0.7     7.8     9.2
   180.8    18.2    43.4    34.2
      96    73.5    37.3    34.5
    51.6    98.7    31.5    31.2
    15.3    31.8    31.7      30
   121.6    35.5     9.2     6.2
